83417972 109740608
37270037 57828817
157829215 19493072
200559228 15023872
451250774 225444667
257236842 6581292
116498875 117901353
439788025 276308596
254839786 274153775
358775055 19705747
31331740 17759158
195475105 187773078
31414569 27077521
151338729 40981798
257236842 270449528
222261763 406628822
148519842 54228724
26929220 222411742
16870853 43003845
236184723 17868918
195475105 148519842
123371682 18951737
69592091 46209291
430313102 380580781
117901353 83943787
259842341 292598082
276706356 160237722
358775055 83943787
116036694 314316607
196327549 29911100
394263193 133055665
276308596 276577539
29911100 28465635
204140367 307458983
54228724 33612973
151338729 56860418
529007327 439788025
276577539 430268163
248883350 17868918
236026868 28465635
155661154 88323281
276308596 187773078
153226312 123371682
151338729 261447035
160237722 133055665
279787626 333161611
248883350 463952369
134940306 88323281
197504076 34428380
186212304 258140947
